9431
9241
9342
9134
9243
9261
9361
9561
9394
9391
9339
9333
9334
9331
9349
9343
9344
9341
9319
9313
9314
9311
9499
9493
9494
9491
9439
9433
9434
9431
9449
9443
9444
9441
9419
9413
9414
9411
9199
9193
9194
9191
9139
9133
9134
9131
9149
9143
9144
9141
9119
9113
9114
9111
3999
3993
3994
3991
3939
3933
3934
3931
3949
3943
3944
3941
3919
3913
3914
3911
3399
3393
3394
3391
3339
3333
3334
3331
3349
3343
3344
3341
3319
3313
3314
3311
3499
3493
3494
3491
3439
3433
3434
3431
3449
3443
3444
3441
3419
3413
3414
3411
3199
3193
3194
3191
3139
3133
3134
3131
3149
3143
3144
3141
3119
3113
3114
3111
4999
4993
4994
4991
4939
4933
4934
4931
4949
4943
4944
4941
4919
4913
4914
4911
4399
4393
4394
4391
4339
4333
4334
4331
4349
4343
4344
4341
4319
4313
4314
4311
4499
4493
4494
4491
4439
4433
4434
4431
4449
4443
4444
4441
4419
4413
4414
4411
4199
4193
4194
4191
4139
4133
4134
4131
4149
4143
4144
4141
4119
4113
4114
4111
1999
1993
1994
1991
1939
1933
1934
1931
1949
1943
1944
1941
1919
1913
1914
1911
1399
1393
1394
1391
1339
1333
1334
1331
1349
1343
1344
1341
1319
1313
1314
1311
1499
1493
1494
1491
1439
1433
1434
1431
1449
1443
1444
1441
1419
1413
1414
1411
1199
1193
1194
1191
1139
1133
1134
1131
1149
1143
1144
1141
1119
1113
1114
1111
